201#137#142,189,231,112,165,203
202#103#240,119
203#128#148,177,215,104,133,201,110,244
204#121#250
205#110#139,123,228,157,208,107,246
206#149#134,162,193,116,235,181,127,152,219
207#132#105,214
208#145#130,147,226,159,171
209#116#113,205,237,153,186,122,198
210#123#247,141,176,129,218,233,115,156,207,164,191
211#108#131,202,225
212#141#137,210,223,106,195,144,158,170,184,239,135,248
213#126#140,234
214#113#109,222,236,151,173,187,200,213,227,242,102,118,132
215#150#146,160,185,199,212,224,238,251
216#139#120,211,232,245,108,121,154,167,180,194,209,221
217#124#117,230,243,111,124,138,172,206,220
214#111#114,229,241,125,136,149,163,178,192,204,217
219#142#128,143,155,168,182,197,216
220#129#101,126,161,174,188,202,215
221#136#145,169,183,196,219
222#143#152,166,179,190,203,218
223#130#103,175,198,207
224#117#104,188,201,214
225#104#105,219,232,245
226#151#106,220,233,246
227#138#107,221,234,247
228#125#108,222,235,248
229#112#109,223,236,249
230#149#110,224,237,250
231#136#111,225,238
232#123#112,226,239
233#110#113,227,240
234#147#114,228,241
235#134#115,229,242
236#121#116,230,243
237#108#117,231,244
238#145#118,232,245
239#132#119,233,246
240#119#120,234,247
241#106#121,235,248
242#143#122,236,249
243#130#123,237,250
244#117#124,238
245#104#125,239
246#151#126,240
247#138#127,241
248#125#128,242
249#112#129,243
250#149#130,244
251#136#131,245
252#123#132,246
253#110#133,247
254#147#134,248
255#134#135,249
256#121#136,250
257#108#137
258#145#138
259#132#139
260#119#140
261#106#141
262#143#142
263#130#143
264#117#144
265#104#145
266#151#146
267#138#147
268#125#148
269#112#149
270#149#150
271#136#101,115,129,143,157,171,185,199,213,227,241
272#123#102,116,130,144,158,172,186,200,214,228,242
273#110#103,117,131,145,159,173,187,201,215,229,243
274#147#104,118,132,146,160,174,188,202,216,230,244
275#134#105,119,133,147,161,175,189,203,217,231,245
276#121#106,120,134,148,162,176,190,204,218,232,246
277#108#107,121,135,149,163,177,191,205,219,233,247
278#145#108,122,136,150,164,178,192,206,220,234,248
279#132#109,123,137,165,179,193,207,221,235,249
280#119#110,124,138,166,180,194,208,222,236,250
281#106#111,125,139,167,181,195,209,223,237
282#143#112,126,140,168,182,196,210,224,238
283#130#113,127,141,169,183,197,211,225,239
284#117#114,128,142,170,184,198,212,226,240
285#104#115,129,143,171,185,199,213,227,241
286#151#116,130,144,172,186,200,214,228,242
287#138#117,131,145,173,187,201,215,229,243
288#125#118,132,146,174,188,202,216,230,244
289#112#119,133,147,175,189,203,217,231,245
290#149#120,134,148,176,190,204,218,232,246
291#136#121,135,149,177,191,205,219,233,247
292#123#122,136,150,178,192,206,220,234,248
293#110#123,137,179,193,207,221,235,249
294#147#124,138,180,194,208,222,236,250
295#134#125,139,181,195,209,223,237
296#121#126,140,182,196,210,224,238
297#108#127,141,183,197,211,225,239
298#145#128,142,184,198,212,226,240
299#132#129,143,185,199,213,227,241
300#119#130,144,186,200,214,228,242
301#106#131,145,187,201,215,229,243
302#143#132,146,188,202,216,230,244
303#130#133,147,189,203,217,231,245
304#117#134,148,190,204,218,232,246
305#104#135,149,191,205,219,233,247
306#151#136,150,192,206,220,234,248
307#138#137,193,207,221,235,249
308#125#138,194,208,222,236,250
309#112#139,195,209,223,237
310#149#140,196,210,224,238
311#136#141,197,211,225,239
312#123#142,198,212,226,240
313#110#143,199,213,227,241
314#147#144,200,214,228,242
315#134#145,201,215,229,243
316#121#146,202,216,230,244
317#108#147,203,217,231,245
318#145#148,204,218,232,246
319#132#149,205,219,233,247
320#119#150,206,220,234,248
321#106#101,207,221,235,249
322#143#102,208,222,236,250
323#130#103,209,223,237
324#117#104,210,224,238
325#104#105,211,225,239
326#151#106,212,226,240
327#138#107,213,227,241
328#125#108,214,228,242
329#112#109,215,229,243
330#149#110,216,230,244
331#136#111,217,231,245
332#123#112,218,232,246
333#110#113,219,233,247
334#147#114,220,234,248
335#134#115,221,235,249
336#121#116,222,236,250
337#108#117,223,237
338#145#118,224,238
339#132#119,225,239
340#119#120,226,240
341#106#121,227,241
342#143#122,228,242
343#130#123,229,243
344#117#124,230,244
345#104#125,231,245
346#151#126,232,246
347#138#127,233,247
348#125#128,234,248
349#112#129,235,249
350#149#130,236,250